subgraph id = 238
Nreal : 6024
=================================
Full list of 6024 members:

6	8	33	
6	8	147	
6	8	238	
4	11	223	
10	12	58	
10	12	86	
10	12	101	
10	12	168	
10	12	169	
10	12	178	
10	12	207	
10	12	237	
10	12	249	
10	12	255	
10	12	293	
13	14	74	
13	14	99	
13	14	104	
13	14	107	
13	14	302	
13	14	303	
2	15	21	
2	15	50	
2	15	71	
2	15	86	
2	15	91	
2	15	168	
2	15	204	
2	15	205	
2	15	209	
2	15	224	
2	15	225	
2	15	244	
2	15	280	
11	17	18	
11	17	115	
11	17	123	
11	17	171	
11	17	186	
11	17	195	
11	17	223	
11	17	293	
11	18	115	
11	18	123	
11	18	171	
11	18	186	
11	18	195	
11	18	223	
11	18	293	
17	18	40	
17	18	65	
17	18	91	
17	18	94	
17	18	115	
17	18	123	
17	18	131	
17	18	135	
17	18	165	
17	18	171	
17	18	186	
17	18	195	
17	18	223	
17	18	239	
17	18	293	
17	18	297	
2	21	71	
2	21	86	
2	21	91	
2	21	107	
2	21	124	
2	21	166	
2	21	168	
2	21	204	
2	21	224	
4	21	47	
4	21	85	
4	21	86	
4	21	158	
4	21	166	
4	21	180	
4	21	273	
15	21	71	
15	21	80	
15	21	81	
15	21	86	
15	21	91	
15	21	99	
15	21	111	
15	21	137	
15	21	149	
15	21	168	
15	21	178	
15	21	182	
15	21	204	
15	21	224	
15	21	233	
15	21	279	
15	21	293	
15	21	304	
6	23	288	
21	23	25	
21	23	180	
21	23	288	
11	24	113	
11	24	228	
5	25	57	
5	25	58	
5	25	67	
5	25	68	
5	25	72	
5	25	86	
5	25	96	
5	25	99	
5	25	107	
5	25	168	
5	25	205	
5	25	222	
5	25	249	
5	25	253	
5	25	285	
5	25	294	
5	25	297	
12	25	26	
12	25	58	
12	25	86	
12	25	98	
12	25	99	
12	25	168	
12	25	178	
12	25	229	
12	25	249	
12	25	270	
12	25	279	
20	25	86	
20	25	99	
20	25	116	
21	25	26	
21	25	47	
21	25	71	
21	25	74	
21	25	85	
21	25	86	
21	25	91	
21	25	93	
21	25	99	
21	25	107	
21	25	110	
21	25	117	
21	25	121	
21	25	136	
21	25	163	
21	25	168	
21	25	173	
21	25	178	
21	25	204	
21	25	224	
21	25	249	
21	25	279	
21	25	288	
21	25	297	
21	25	303	
21	25	304	
23	25	72	
23	25	145	
23	25	205	
23	25	243	
23	25	278	
23	25	288	
12	26	58	
12	26	99	
12	26	229	
12	26	270	
12	26	279	
21	26	81	
21	26	99	
21	26	121	
21	26	279	
21	26	288	
25	26	58	
25	26	99	
25	26	121	
25	26	229	
25	26	270	
25	26	279	
25	26	288	
25	26	294	
4	28	35	
4	28	50	
4	28	158	
4	28	161	
4	28	180	
4	28	213	
4	28	273	
4	28	282	
9	29	215	
9	29	250	
9	29	262	
9	29	271	
9	29	294	
8	30	89	
8	30	103	
8	30	249	
29	30	42	
29	30	73	
29	30	95	
29	30	125	
29	30	212	
29	30	255	
29	30	266	
6	33	147	
6	33	266	
8	33	147	
8	33	158	
8	33	297	
4	35	50	
4	35	158	
4	35	161	
4	35	166	
4	35	180	
4	35	213	
4	35	282	
28	35	50	
28	35	158	
28	35	161	
28	35	180	
28	35	213	
28	35	282	
5	37	168	
5	37	249	
30	37	168	
30	37	249	
17	40	91	
17	40	115	
17	40	123	
17	40	165	
17	40	186	
17	40	195	
17	40	293	
18	40	91	
18	40	115	
18	40	123	
18	40	165	
18	40	186	
18	40	195	
18	40	293	
20	40	116	
3	41	47	
3	41	54	
3	41	57	
3	41	67	
3	41	85	
3	41	86	
3	41	106	
3	41	218	
3	41	253	
4	41	47	
4	41	54	
4	41	57	
4	41	67	
4	41	85	
4	41	86	
4	41	218	
4	41	253	
6	42	43	
6	42	57	
6	42	101	
6	42	102	
6	42	125	
6	42	136	
6	42	238	
6	42	258	
6	42	266	
29	42	67	
29	42	73	
29	42	95	
29	42	125	
29	42	212	
29	42	255	
29	42	266	
30	42	43	
30	42	73	
30	42	91	
30	42	95	
30	42	125	
30	42	128	
30	42	212	
30	42	221	
30	42	255	
30	42	266	
30	42	300	
5	43	96	
5	43	174	
5	43	196	
5	43	212	
5	43	266	
6	43	125	
6	43	266	
30	43	91	
30	43	95	
30	43	96	
30	43	97	
30	43	125	
30	43	128	
30	43	174	
30	43	196	
30	43	212	
30	43	221	
30	43	266	
30	43	300	
42	43	91	
42	43	95	
42	43	125	
42	43	128	
42	43	212	
42	43	221	
42	43	266	
42	43	300	
1	46	175	
1	46	275	
3	47	54	
3	47	57	
3	47	67	
3	47	85	
3	47	86	
3	47	106	
3	47	218	
3	47	253	
4	47	54	
4	47	57	
4	47	67	
4	47	85	
4	47	86	
4	47	218	
4	47	253	
21	47	74	
21	47	85	
21	47	86	
21	47	93	
21	47	99	
21	47	110	
21	47	117	
21	47	121	
21	47	136	
21	47	163	
21	47	168	
21	47	173	
21	47	178	
21	47	182	
21	47	194	
21	47	297	
21	47	303	
21	47	304	
25	47	57	
25	47	67	
25	47	74	
25	47	85	
25	47	86	
25	47	93	
25	47	99	
25	47	110	
25	47	117	
25	47	121	
25	47	136	
25	47	163	
25	47	168	
25	47	173	
25	47	178	
25	47	253	
25	47	297	
25	47	303	
25	47	304	
41	47	54	
41	47	57	
41	47	67	
41	47	74	
41	47	85	
41	47	86	
41	47	99	
41	47	106	
41	47	218	
41	47	251	
41	47	253	
41	47	277	
41	47	297	
9	48	68	
9	48	92	
9	48	185	
9	48	203	
9	48	210	
9	48	236	
9	48	264	
9	48	268	
9	48	282	
34	48	92	
34	48	113	
34	48	177	
34	48	185	
34	48	203	
34	48	210	
34	48	211	
34	48	268	
5	49	104	
5	49	201	
14	49	104	
14	49	302	
14	49	303	
16	49	232	
16	49	244	
16	49	278	
2	50	91	
2	50	209	
2	50	223	
2	50	225	
2	50	244	
2	50	246	
2	50	280	
4	50	57	
4	50	67	
4	50	158	
4	50	161	
4	50	180	
4	50	213	
4	50	223	
4	50	282	
15	50	91	
15	50	209	
15	50	225	
15	50	244	
15	50	280	
24	50	63	
24	50	120	
24	50	128	
24	50	259	
28	50	158	
28	50	161	
28	50	180	
28	50	213	
28	50	282	
35	50	158	
35	50	161	
35	50	180	
35	50	213	
35	50	282	
16	51	65	
16	51	153	
16	51	202	
16	51	285	
24	51	65	
24	51	202	
24	51	276	
24	51	285	
8	52	63	
8	52	158	
8	52	297	
48	52	177	
48	52	203	
48	52	211	
48	52	285	
48	52	300	
48	52	301	
3	54	57	
3	54	67	
3	54	85	
3	54	86	
3	54	106	
3	54	218	
3	54	253	
4	54	57	
4	54	67	
4	54	85	
4	54	86	
4	54	218	
4	54	253	
41	54	57	
41	54	67	
41	54	74	
41	54	85	
41	54	86	
41	54	94	
41	54	99	
41	54	106	
41	54	218	
41	54	251	
41	54	253	
41	54	277	
41	54	297	
47	54	57	
47	54	67	
47	54	74	
47	54	85	
47	54	86	
47	54	99	
47	54	106	
47	54	218	
47	54	251	
47	54	253	
47	54	277	
47	54	297	
24	55	63	
24	55	120	
24	55	128	
25	55	58	
25	55	91	
25	55	120	
25	55	170	
25	55	204	
25	55	249	
25	55	253	
25	55	268	
25	55	294	
30	55	91	
30	55	128	
30	55	174	
30	55	196	
30	55	249	
3	57	67	
3	57	85	
3	57	86	
3	57	105	
3	57	106	
3	57	218	
3	57	253	
4	57	67	
4	57	85	
4	57	86	
4	57	218	
4	57	253	
5	57	67	
5	57	86	
5	57	99	
5	57	107	
5	57	168	
5	57	196	
5	57	205	
5	57	253	
5	57	297	
6	57	74	
6	57	94	
6	57	101	
6	57	102	
6	57	105	
6	57	125	
6	57	136	
6	57	168	
6	57	238	
6	57	258	
25	57	67	
25	57	74	
25	57	85	
25	57	86	
25	57	94	
25	57	99	
25	57	107	
25	57	136	
25	57	168	
25	57	205	
25	57	253	
25	57	297	
41	57	67	
41	57	74	
41	57	85	
41	57	86	
41	57	94	
41	57	99	
41	57	106	
41	57	218	
41	57	251	
41	57	253	
41	57	277	
41	57	297	
42	57	67	
42	57	101	
42	57	102	
42	57	125	
42	57	136	
42	57	238	
42	57	258	
47	57	67	
47	57	74	
47	57	85	
47	57	86	
47	57	99	
47	57	106	
47	57	136	
47	57	168	
47	57	218	
47	57	251	
47	57	253	
47	57	277	
47	57	297	
50	57	67	
54	57	67	
54	57	74	
54	57	85	
54	57	86	
54	57	94	
54	57	99	
54	57	106	
54	57	218	
54	57	251	
54	57	253	
54	57	277	
54	57	297	
5	58	68	
5	58	72	
5	58	99	
5	58	222	
5	58	285	
5	58	294	
5	58	297	
10	58	68	
10	58	170	
10	58	283	
10	58	297	
12	58	98	
12	58	99	
12	58	229	
12	58	270	
12	58	279	
25	58	68	
25	58	72	
25	58	95	
25	58	98	
25	58	99	
25	58	120	
25	58	170	
25	58	222	
25	58	229	
25	58	268	
25	58	270	
25	58	279	
25	58	283	
25	58	285	
25	58	294	
25	58	297	
26	58	99	
26	58	191	
26	58	229	
26	58	270	
26	58	279	
26	58	294	
29	58	95	
29	58	214	
29	58	215	
29	58	250	
29	58	262	
29	58	271	
29	58	294	
55	58	120	
55	58	144	
55	58	170	
55	58	268	
55	58	294	
16	59	79	
16	59	141	
16	59	145	
16	59	202	
16	59	204	
16	59	205	
16	59	208	
16	59	239	
16	59	258	
16	59	260	
16	59	292	
58	61	283	
58	61	297	
16	62	63	
16	62	145	
16	62	153	
16	62	202	
16	62	205	
16	62	260	
16	62	292	
25	62	145	
25	62	205	
25	62	243	
8	63	175	
8	63	239	
16	63	79	
16	63	148	
16	63	153	
16	63	154	
16	63	202	
16	63	205	
16	63	239	
16	63	260	
16	63	285	
16	63	292	
24	63	120	
24	63	128	
24	63	202	
24	63	228	
24	63	259	
24	63	285	
32	63	181	
32	63	271	
32	63	280	
46	63	79	
46	63	138	
46	63	175	
46	63	198	
46	63	254	
50	63	120	
50	63	128	
50	63	165	
50	63	259	
50	63	280	
52	63	285	
55	63	120	
55	63	128	
62	63	153	
62	63	202	
62	63	205	
62	63	260	
62	63	292	
11	64	234	
16	65	153	
16	65	154	
16	65	202	
16	65	239	
16	65	244	
16	65	260	
16	65	285	
16	65	292	
17	65	94	
17	65	123	
17	65	135	
17	65	239	
18	65	94	
18	65	123	
18	65	135	
18	65	239	
24	65	202	
24	65	285	
45	65	170	
45	65	172	
45	65	206	
45	65	226	
45	65	244	
51	65	153	
51	65	202	
51	65	285	
57	65	67	
57	65	94	
57	65	253	
50	66	158	
50	66	161	
50	66	172	
50	66	213	
3	67	85	
3	67	86	
3	67	106	
3	67	218	
3	67	253	
4	67	85	
4	67	86	
4	67	218	
4	67	253	
5	67	86	
5	67	99	
5	67	168	
5	67	196	
5	67	205	
5	67	212	
5	67	253	
5	67	266	
5	67	285	
5	67	297	
25	67	74	
25	67	85	
25	67	86	
25	67	94	
25	67	99	
25	67	168	
25	67	205	
25	67	253	
25	67	285	
25	67	297	
29	67	125	
29	67	212	
29	67	266	
41	67	74	
41	67	85	
41	67	86	
41	67	94	
41	67	99	
41	67	106	
41	67	218	
41	67	251	
41	67	253	
41	67	277	
41	67	297	
42	67	125	
42	67	212	
42	67	266	
47	67	74	
47	67	85	
47	67	86	
47	67	99	
47	67	106	
47	67	168	
47	67	218	
47	67	251	
47	67	253	
47	67	277	
47	67	297	
54	67	74	
54	67	85	
54	67	86	
54	67	94	
54	67	99	
54	67	106	
54	67	218	
54	67	251	
54	67	253	
54	67	277	
54	67	297	
57	67	74	
57	67	79	
57	67	85	
57	67	86	
57	67	94	
57	67	99	
57	67	106	
57	67	125	
57	67	168	
57	67	196	
57	67	205	
57	67	207	
57	67	218	
57	67	251	
57	67	253	
57	67	277	
57	67	297	
65	67	94	
65	67	253	
65	67	285	
5	68	72	
5	68	297	
9	68	77	
9	68	92	
9	68	185	
9	68	203	
9	68	210	
9	68	236	
9	68	264	
9	68	268	
9	68	282	
10	68	283	
10	68	297	
25	68	72	
25	68	120	
25	68	268	
25	68	283	
25	68	297	
48	68	76	
48	68	92	
48	68	185	
48	68	203	
48	68	210	
48	68	236	
48	68	264	
48	68	268	
48	68	282	
58	68	72	
58	68	120	
58	68	185	
58	68	268	
58	68	283	
58	68	297	
2	71	72	
2	71	86	
2	71	107	
2	71	124	
2	71	166	
2	71	224	
2	71	253	
15	71	86	
15	71	149	
15	71	224	
21	71	86	
21	71	107	
21	71	124	
21	71	149	
21	71	166	
21	71	224	
25	71	72	
25	71	86	
25	71	107	
25	71	224	
25	71	253	
2	72	86	
2	72	89	
2	72	107	
2	72	224	
2	72	253	
2	72	257	
5	72	86	
5	72	89	
5	72	103	
5	72	104	
5	72	107	
5	72	133	
5	72	222	
5	72	253	
5	72	285	
5	72	297	
25	72	74	
25	72	86	
25	72	107	
25	72	170	
25	72	193	
25	72	222	
25	72	224	
25	72	253	
25	72	267	
25	72	283	
25	72	285	
25	72	297	
25	72	304	
45	72	170	
45	72	172	
45	72	206	
45	72	226	
58	72	170	
58	72	182	
58	72	222	
58	72	283	
58	72	285	
58	72	297	
68	72	76	
68	72	283	
68	72	297	
69	72	103	
69	72	170	
71	72	86	
71	72	107	
71	72	224	
71	72	253	
29	73	125	
29	73	212	
29	73	255	
29	73	266	
30	73	125	
30	73	212	
30	73	221	
30	73	255	
30	73	266	
42	73	125	
42	73	212	
42	73	221	
42	73	255	
42	73	266	
6	74	94	
6	74	136	
6	74	168	
6	74	184	
6	74	223	
6	74	276	
6	74	301	
13	74	99	
13	74	104	
13	74	107	
13	74	302	
13	74	303	
14	74	99	
14	74	104	
14	74	107	
14	74	190	
14	74	297	
14	74	302	
14	74	303	
21	74	85	
21	74	86	
21	74	93	
21	74	99	
21	74	107	
21	74	110	
21	74	117	
21	74	121	
21	74	136	
21	74	168	
21	74	173	
21	74	178	
21	74	182	
21	74	194	
21	74	276	
21	74	297	
21	74	303	
21	74	304	
25	74	85	
25	74	86	
25	74	93	
25	74	94	
25	74	98	
25	74	99	
25	74	107	
25	74	110	
25	74	117	
25	74	121	
25	74	136	
25	74	168	
25	74	173	
25	74	178	
25	74	253	
25	74	297	
25	74	303	
25	74	304	
40	74	89	
40	74	136	
41	74	85	
41	74	86	
41	74	94	
41	74	99	
41	74	106	
41	74	218	
41	74	253	
41	74	297	
47	74	85	
47	74	86	
47	74	93	
47	74	99	
47	74	106	
47	74	110	
47	74	117	
47	74	121	
47	74	136	
47	74	168	
47	74	173	
47	74	178	
47	74	182	
47	74	194	
47	74	218	
47	74	253	
47	74	297	
47	74	303	
47	74	304	
54	74	85	
54	74	86	
54	74	94	
54	74	99	
54	74	106	
54	74	218	
54	74	253	
54	74	297	
57	74	85	
57	74	86	
57	74	94	
57	74	99	
57	74	106	
57	74	107	
57	74	136	
57	74	168	
57	74	218	
57	74	253	
57	74	297	
67	74	85	
67	74	86	
67	74	94	
67	74	99	
67	74	106	
67	74	168	
67	74	218	
67	74	253	
67	74	297	
67	74	301	
72	74	86	
72	74	89	
72	74	104	
72	74	107	
72	74	133	
72	74	182	
72	74	194	
72	74	253	
72	74	297	
72	74	304	
28	76	161	
28	76	180	
28	76	186	
28	76	273	
28	76	282	
30	76	130	
30	76	249	
30	76	287	
48	76	92	
48	76	185	
48	76	203	
48	76	210	
48	76	236	
48	76	264	
48	76	268	
48	76	282	
68	76	77	
68	76	92	
68	76	185	
68	76	203	
68	76	210	
68	76	236	
68	76	264	
68	76	268	
68	76	282	
9	77	236	
9	77	271	
9	77	282	
34	77	114	
34	77	120	
34	77	177	
34	77	211	
34	77	231	
34	77	287	
68	77	120	
68	77	236	
68	77	282	
76	77	191	
76	77	216	
76	77	236	
76	77	271	
76	77	282	
76	77	287	
16	79	141	
16	79	145	
16	79	148	
16	79	202	
16	79	204	
16	79	208	
16	79	239	
16	79	258	
16	79	260	
16	79	292	
28	79	88	
28	79	126	
28	79	178	
28	79	186	
28	79	204	
46	79	198	
57	79	253	
57	79	258	
59	79	141	
59	79	145	
59	79	202	
59	79	204	
59	79	208	
59	79	239	
59	79	258	
59	79	260	
59	79	292	
63	79	148	
63	79	198	
63	79	202	
63	79	239	
63	79	260	
63	79	292	
67	79	253	
15	80	81	
15	80	99	
15	80	111	
15	80	137	
15	80	168	
15	80	178	
15	80	204	
15	80	233	
15	80	279	
15	80	293	
21	80	81	
21	80	99	
21	80	111	
21	80	137	
21	80	168	
21	80	178	
21	80	204	
21	80	233	
21	80	235	
21	80	276	
21	80	279	
21	80	293	
21	80	298	
15	81	91	
15	81	99	
15	81	111	
15	81	137	
15	81	168	
15	81	178	
15	81	204	
15	81	233	
15	81	279	
15	81	293	
15	81	304	
21	81	91	
21	81	93	
21	81	99	
21	81	110	
21	81	111	
21	81	117	
21	81	137	
21	81	168	
21	81	178	
21	81	204	
21	81	233	
21	81	279	
21	81	293	
21	81	298	
21	81	304	
26	81	99	
26	81	159	
26	81	186	
26	81	191	
26	81	279	
80	81	99	
80	81	111	
80	81	137	
80	81	168	
80	81	178	
80	81	204	
80	81	233	
80	81	279	
80	81	293	
80	81	298	
3	85	86	
3	85	106	
3	85	218	
3	85	253	
4	85	86	
4	85	218	
4	85	253	
21	85	86	
21	85	93	
21	85	99	
21	85	110	
21	85	117	
21	85	121	
21	85	136	
21	85	163	
21	85	168	
21	85	173	
21	85	178	
21	85	182	
21	85	194	
21	85	297	
21	85	303	
21	85	304	
25	85	86	
25	85	93	
25	85	99	
25	85	110	
25	85	117	
25	85	121	
25	85	136	
25	85	163	
25	85	168	
25	85	173	
25	85	178	
25	85	253	
25	85	297	
25	85	303	
25	85	304	
41	85	86	
41	85	99	
41	85	106	
41	85	218	
41	85	251	
41	85	253	
41	85	277	
41	85	297	
47	85	86	
47	85	93	
47	85	99	
47	85	106	
47	85	110	
47	85	117	
47	85	121	
47	85	136	
47	85	163	
47	85	168	
47	85	173	
47	85	178	
47	85	182	
47	85	194	
47	85	218	
47	85	251	
47	85	253	
47	85	277	
47	85	297	
47	85	303	
47	85	304	
54	85	86	
54	85	99	
54	85	106	
54	85	218	
54	85	251	
54	85	253	
54	85	277	
54	85	297	
57	85	86	
57	85	99	
57	85	106	
57	85	136	
57	85	168	
57	85	218	
57	85	251	
57	85	253	
57	85	277	
57	85	297	
67	85	86	
67	85	99	
67	85	106	
67	85	168	
67	85	218	
67	85	251	
67	85	253	
67	85	277	
67	85	297	
74	85	86	
74	85	93	
74	85	99	
74	85	106	
74	85	110	
74	85	117	
74	85	121	
74	85	136	
74	85	168	
74	85	173	
74	85	178	
74	85	182	
74	85	194	
74	85	218	
74	85	253	
74	85	297	
74	85	303	
74	85	304	
2	86	107	
2	86	124	
2	86	166	
2	86	168	
2	86	224	
2	86	253	
2	86	280	
3	86	106	
3	86	218	
3	86	253	
4	86	161	
4	86	166	
4	86	218	
4	86	253	
5	86	99	
5	86	107	
5	86	168	
5	86	222	
5	86	249	
5	86	253	
5	86	280	
5	86	285	
5	86	297	
10	86	101	
10	86	168	
10	86	169	
10	86	178	
10	86	207	
10	86	237	
10	86	249	
10	86	255	
10	86	293	
10	86	297	
12	86	99	
12	86	101	
12	86	168	
12	86	169	
12	86	178	
12	86	207	
12	86	237	
12	86	249	
12	86	255	
12	86	280	
12	86	293	
15	86	99	
15	86	168	
15	86	178	
15	86	224	
15	86	280	
15	86	293	
20	86	99	
20	86	116	
20	86	176	
21	86	99	
21	86	107	
21	86	124	
21	86	166	
21	86	168	
21	86	178	
21	86	211	
21	86	224	
21	86	249	
21	86	293	
21	86	297	
25	86	94	
25	86	99	
25	86	107	
25	86	116	
25	86	168	
25	86	178	
25	86	222	
25	86	224	
25	86	249	
25	86	253	
25	86	285	
25	86	297	
41	86	94	
41	86	99	
41	86	106	
41	86	218	
41	86	251	
41	86	253	
41	86	277	
41	86	297	
47	86	99	
47	86	106	
47	86	168	
47	86	178	
47	86	218	
47	86	251	
47	86	253	
47	86	277	
47	86	297	
54	86	94	
54	86	99	
54	86	106	
54	86	218	
54	86	251	
54	86	253	
54	86	277	
54	86	297	
57	86	94	
57	86	99	
57	86	101	
57	86	106	
57	86	107	
57	86	168	
57	86	207	
57	86	218	
57	86	251	
57	86	253	
57	86	277	
57	86	297	
67	86	94	
67	86	99	
67	86	106	
67	86	168	
67	86	207	
67	86	218	
67	86	251	
67	86	253	
67	86	277	
67	86	285	
67	86	297	
71	86	107	
71	86	124	
71	86	166	
71	86	224	
71	86	253	
72	86	107	
72	86	222	
72	86	224	
72	86	253	
72	86	285	
72	86	297	
74	86	94	
74	86	99	
74	86	106	
74	86	107	
74	86	168	
74	86	178	
74	86	218	
74	86	253	
74	86	297	
85	86	99	
85	86	106	
85	86	168	
85	86	178	
85	86	218	
85	86	251	
85	86	253	
85	86	277	
85	86	297	
56	87	89	
56	87	124	
56	87	280	
28	88	126	
28	88	178	
28	88	186	
28	88	204	
51	88	149	
79	88	126	
79	88	166	
79	88	178	
79	88	186	
79	88	204	
79	88	223	
2	89	98	
2	89	107	
2	89	124	
2	89	166	
2	89	168	
5	89	104	
5	89	107	
5	89	133	
5	89	168	
5	89	212	
8	89	238	
26	89	238	
30	89	133	
30	89	168	
30	89	212	
56	89	124	
72	89	104	
72	89	107	
72	89	133	
74	89	98	
74	89	104	
74	89	107	
74	89	133	
74	89	154	
74	89	168	
74	89	276	
87	89	124	
63	90	140	
63	90	165	
63	90	239	
2	91	123	
2	91	168	
2	91	209	
2	91	225	
2	91	244	
2	91	246	
2	91	280	
15	91	99	
15	91	168	
15	91	178	
15	91	209	
15	91	225	
15	91	244	
15	91	278	
15	91	279	
15	91	280	
15	91	293	
17	91	115	
17	91	123	
17	91	165	
17	91	186	
17	91	195	
17	91	293	
17	91	297	
18	91	115	
18	91	123	
18	91	165	
18	91	186	
18	91	195	
18	91	293	
18	91	297	
21	91	99	
21	91	128	
21	91	168	
21	91	178	
21	91	279	
21	91	293	
21	91	297	
25	91	95	
25	91	99	
25	91	168	
25	91	178	
25	91	246	
25	91	278	
25	91	279	
25	91	297	
30	91	95	
30	91	125	
30	91	128	
30	91	168	
30	91	221	
30	91	228	
30	91	266	
40	91	115	
40	91	123	
40	91	165	
40	91	186	
40	91	195	
40	91	293	
42	91	95	
42	91	125	
42	91	128	
42	91	221	
42	91	266	
43	91	95	
43	91	125	
43	91	128	
43	91	221	
43	91	266	
50	91	128	
50	91	165	
50	91	209	
50	91	225	
50	91	244	
50	91	246	
50	91	259	
50	91	280	
55	91	128	
81	91	99	
81	91	168	
81	91	178	
81	91	186	
81	91	279	
81	91	293	
9	92	185	
9	92	203	
9	92	210	
9	92	236	
9	92	264	
9	92	268	
9	92	282	
23	92	185	
23	92	261	
32	92	185	
32	92	210	
32	92	268	
34	92	120	
34	92	185	
34	92	203	
34	92	210	
34	92	211	
34	92	230	
34	92	268	
48	92	185	
48	92	203	
48	92	210	
48	92	211	
48	92	236	
48	92	264	
48	92	268	
48	92	282	
50	92	120	
50	92	152	
50	92	165	
50	92	185	
50	92	203	
50	92	210	
50	92	246	
50	92	268	
50	92	282	
68	92	120	
68	92	185	
68	92	203	
68	92	210	
68	92	236	
68	92	264	
68	92	268	
68	92	282	
68	92	297	
76	92	185	
76	92	203	
76	92	210	
76	92	236	
76	92	264	
76	92	268	
76	92	282	
21	93	110	
21	93	117	
21	93	121	
21	93	136	
21	93	163	
21	93	168	
21	93	173	
21	93	178	
21	93	182	
21	93	194	
21	93	303	
21	93	304	
25	93	110	
25	93	117	
25	93	121	
25	93	136	
25	93	163	
25	93	168	
25	93	173	
25	93	178	
25	93	303	
25	93	304	
47	93	110	
47	93	117	
47	93	121	
47	93	136	
47	93	163	
47	93	168	
47	93	173	
47	93	178	
47	93	182	
47	93	194	
47	93	303	
47	93	304	
74	93	110	
74	93	117	
74	93	121	
74	93	136	
74	93	168	
74	93	173	
74	93	178	
74	93	182	
74	93	194	
74	93	303	
74	93	304	
81	93	110	
81	93	117	
81	93	168	
81	93	178	
81	93	304	
85	93	110	
85	93	117	
85	93	121	
85	93	136	
85	93	163	
85	93	168	
85	93	173	
85	93	178	
85	93	182	
85	93	194	
85	93	303	
85	93	304	
6	94	168	
6	94	184	
17	94	123	
17	94	135	
17	94	239	
18	94	123	
18	94	135	
18	94	239	
25	94	168	
25	94	170	
25	94	246	
25	94	253	
25	94	294	
38	94	170	
41	94	253	
54	94	253	
57	94	168	
57	94	253	
65	94	123	
65	94	135	
65	94	170	
65	94	239	
65	94	253	
67	94	168	
67	94	253	
74	94	168	
74	94	184	
74	94	253	
86	94	168	
86	94	253	
25	95	96	
25	95	170	
25	95	268	
25	95	294	
25	95	297	
29	95	109	
29	95	125	
29	95	212	
29	95	215	
29	95	250	
29	95	262	
29	95	266	
29	95	271	
29	95	281	
29	95	294	
30	95	96	
30	95	125	
30	95	128	
30	95	212	
30	95	221	
30	95	266	
42	95	125	
42	95	128	
42	95	160	
42	95	212	
42	95	221	
42	95	266	
43	95	96	
43	95	125	
43	95	128	
43	95	212	
43	95	221	
43	95	266	
58	95	148	
58	95	170	
58	95	215	
58	95	250	
58	95	262	
58	95	268	
58	95	271	
58	95	294	
58	95	297	
91	95	125	
91	95	128	
91	95	221	
91	95	266	
91	95	271	
91	95	297	
5	96	212	
5	96	266	
5	96	285	
25	96	285	
25	96	304	
30	96	97	
30	96	125	
30	96	128	
30	96	212	
30	96	266	
32	96	181	
32	96	216	
32	96	271	
32	96	304	
43	96	97	
43	96	125	
43	96	128	
43	96	212	
43	96	216	
43	96	266	
95	96	125	
95	96	128	
95	96	212	
95	96	266	
95	96	271	
30	97	125	
30	97	174	
30	97	196	
30	97	249	
30	97	300	
43	97	125	
43	97	174	
43	97	196	
43	97	300	
77	97	177	
77	97	300	
96	97	125	
2	98	118	
2	98	123	
2	98	166	
2	98	179	
2	98	205	
2	98	241	
2	98	246	
2	98	257	
12	98	99	
12	98	229	
12	98	270	
12	98	279	
25	98	99	
25	98	205	
25	98	229	
25	98	246	
25	98	270	
25	98	279	
58	98	99	
58	98	229	
58	98	270	
58	98	279	
74	98	99	
74	98	104	
74	98	133	
74	98	276	
89	98	104	
89	98	133	
89	98	166	
89	98	276	
92	98	108	
92	98	206	
92	98	246	
5	99	104	
5	99	107	
5	99	168	
12	99	168	
12	99	178	
12	99	229	
12	99	270	
12	99	279	
12	99	293	
13	99	104	
13	99	107	
13	99	302	
13	99	303	
14	99	104	
14	99	107	
14	99	190	
14	99	302	
14	99	303	
15	99	111	
15	99	137	
15	99	168	
15	99	178	
15	99	204	
15	99	233	
15	99	279	
15	99	293	
20	99	116	
20	99	176	
21	99	107	
21	99	111	
21	99	137	
21	99	168	
21	99	178	
21	99	204	
21	99	233	
21	99	235	
21	99	276	
21	99	279	
21	99	288	
21	99	293	
21	99	298	
21	99	303	
25	99	107	
25	99	116	
25	99	168	
25	99	178	
25	99	204	
25	99	229	
25	99	270	
25	99	279	
25	99	288	
25	99	303	
26	99	176	
26	99	229	
26	99	270	
26	99	279	
26	99	288	
41	99	218	
47	99	168	
47	99	178	
47	99	218	
47	99	303	
54	99	218	
57	99	107	
57	99	168	
57	99	218	
58	99	229	
58	99	270	
58	99	279	
67	99	168	
67	99	218	
74	99	104	
74	99	107	
74	99	168	
74	99	178	
74	99	190	
74	99	218	
74	99	276	
74	99	302	
74	99	303	
80	99	111	
80	99	137	
80	99	168	
80	99	178	
80	99	204	
80	99	233	
80	99	235	
80	99	276	
80	99	279	
80	99	293	
80	99	298	
81	99	111	
81	99	137	
81	99	168	
81	99	178	
81	99	204	
81	99	233	
81	99	279	
81	99	293	
81	99	298	
85	99	168	
85	99	178	
85	99	218	
85	99	303	
86	99	107	
86	99	116	
86	99	168	
86	99	176	
86	99	178	
86	99	218	
86	99	293	
91	99	168	
91	99	178	
91	99	190	
91	99	279	
91	99	293	
98	99	104	
98	99	229	
98	99	270	
98	99	276	
98	99	279	
9	100	188	
63	100	138	
63	100	175	
63	100	181	
6	101	102	
6	101	105	
6	101	125	
6	101	136	
6	101	168	
6	101	238	
6	101	258	
10	101	168	
10	101	169	
10	101	178	
10	101	207	
10	101	237	
10	101	249	
10	101	255	
10	101	293	
12	101	168	
12	101	169	
12	101	178	
12	101	207	
12	101	237	
12	101	249	
12	101	255	
12	101	280	
12	101	293	
42	101	102	
42	101	125	
42	101	136	
42	101	238	
42	101	255	
42	101	258	
57	101	102	
57	101	105	
57	101	125	
57	101	136	
57	101	168	
57	101	207	
57	101	238	
57	101	258	
86	101	168	
86	101	169	
86	101	178	
86	101	207	
86	101	237	
86	101	249	
86	101	255	
86	101	280	
86	101	293	
6	102	125	
6	102	136	
6	102	238	
6	102	258	
42	102	125	
42	102	132	
42	102	136	
42	102	142	
42	102	160	
42	102	238	
42	102	258	
57	102	125	
57	102	136	
57	102	238	
57	102	258	
101	102	125	
101	102	136	
101	102	238	
101	102	258	
5	103	231	
5	103	285	
8	103	238	
72	103	285	
77	103	156	
77	103	231	
5	104	107	
5	104	133	
5	104	212	
5	104	280	
5	104	297	
13	104	107	
13	104	302	
13	104	303	
14	104	107	
14	104	190	
14	104	297	
14	104	302	
14	104	303	
49	104	302	
49	104	303	
72	104	107	
72	104	133	
72	104	290	
72	104	297	
74	104	107	
74	104	133	
74	104	154	
74	104	190	
74	104	276	
74	104	297	
74	104	301	
74	104	302	
74	104	303	
89	104	107	
89	104	133	
89	104	154	
89	104	212	
89	104	276	
98	104	133	
98	104	276	
99	104	107	
99	104	190	
99	104	276	
99	104	302	
99	104	303	
6	105	238	
6	105	258	
40	105	132	
40	105	142	
40	105	160	
57	105	238	
57	105	258	
101	105	238	
101	105	258	
3	106	218	
3	106	253	
41	106	218	
41	106	251	
41	106	253	
41	106	277	
47	106	218	
47	106	251	
47	106	253	
47	106	277	
54	106	218	
54	106	251	
54	106	253	
54	106	277	
57	106	218	
57	106	251	
57	106	253	
57	106	277	
67	106	218	
67	106	251	
67	106	253	
67	106	277	
74	106	218	
74	106	253	
85	106	218	
85	106	251	
85	106	253	
85	106	277	
86	106	218	
86	106	251	
86	106	253	
86	106	277	
2	107	224	
2	107	253	
2	107	257	
2	107	280	
5	107	133	
5	107	222	
5	107	253	
5	107	280	
13	107	302	
13	107	303	
14	107	302	
14	107	303	
21	107	224	
21	107	303	
25	107	222	
25	107	224	
25	107	253	
25	107	303	
57	107	253	
71	107	224	
71	107	253	
72	107	133	
72	107	222	
72	107	224	
72	107	253	
72	107	257	
74	107	133	
74	107	253	
74	107	302	
74	107	303	
86	107	222	
86	107	224	
86	107	253	
86	107	280	
89	107	133	
99	107	302	
99	107	303	
104	107	133	
104	107	280	
104	107	302	
104	107	303	
92	108	206	
98	108	206	
26	109	159	
26	109	191	
26	109	288	
29	109	214	
29	109	215	
29	109	250	
29	109	262	
29	109	271	
76	109	159	
76	109	191	
76	109	271	
95	109	114	
95	109	148	
95	109	215	
95	109	250	
95	109	262	
95	109	271	
21	110	117	
21	110	121	
21	110	136	
21	110	163	
21	110	168	
21	110	173	
21	110	178	
21	110	182	
21	110	194	
21	110	303	
21	110	304	
25	110	117	
25	110	121	
25	110	136	
25	110	163	
25	110	168	
25	110	173	
25	110	178	
25	110	303	
25	110	304	
47	110	117	
47	110	121	
47	110	136	
47	110	163	
47	110	168	
47	110	173	
47	110	178	
47	110	182	
47	110	194	
47	110	303	
47	110	304	
74	110	117	
74	110	121	
74	110	136	
74	110	168	
74	110	173	
74	110	178	
74	110	182	
74	110	194	
74	110	303	
74	110	304	
81	110	117	
81	110	168	
81	110	178	
81	110	304	
85	110	117	
85	110	121	
85	110	136	
85	110	163	
85	110	168	
85	110	173	
85	110	178	
85	110	182	
85	110	194	
85	110	303	
85	110	304	
93	110	117	
93	110	121	
93	110	136	
93	110	163	
93	110	168	
93	110	173	
93	110	178	
93	110	182	
93	110	194	
93	110	303	
93	110	304	
15	111	137	
15	111	168	
15	111	178	
15	111	204	
15	111	233	
15	111	279	
15	111	293	
21	111	137	
21	111	168	
21	111	178	
21	111	204	
21	111	233	
21	111	235	
21	111	276	
21	111	279	
21	111	293	
21	111	298	
80	111	137	
80	111	168	
80	111	178	
80	111	204	
80	111	233	
80	111	235	
80	111	253	
80	111	276	
80	111	279	
80	111	293	
80	111	298	
81	111	137	
81	111	168	
81	111	178	
81	111	204	
81	111	233	
81	111	279	
81	111	293	
81	111	298	
99	111	137	
99	111	168	
99	111	178	
99	111	204	
99	111	233	
99	111	235	
99	111	276	
99	111	279	
99	111	293	
99	111	298	
19	112	150	
19	112	165	
19	112	227	
11	113	197	
11	113	242	
24	113	114	
24	113	120	
24	113	177	
24	113	259	
24	113	276	
34	113	114	
34	113	120	
34	113	177	
34	113	231	
34	113	287	
34	113	294	
48	113	177	
48	113	300	
58	113	120	
58	113	250	
58	113	294	
109	113	114	
109	113	250	
24	114	177	
24	114	228	
24	114	259	
34	114	177	
34	114	211	
34	114	228	
34	114	230	
34	114	231	
34	114	268	
34	114	287	
34	114	294	
39	114	191	
39	114	296	
44	114	177	
44	114	231	
77	114	177	
77	114	181	
77	114	191	
77	114	211	
77	114	231	
77	114	287	
77	114	300	
95	114	148	
95	114	268	
95	114	294	
109	114	148	
109	114	159	
109	114	191	
109	114	211	
109	114	296	
113	114	177	
113	114	231	
113	114	259	
113	114	287	
113	114	294	
113	114	300	
11	115	123	
11	115	171	
11	115	186	
11	115	195	
11	115	223	
11	115	293	
17	115	123	
17	115	165	
17	115	171	
17	115	186	
17	115	195	
17	115	223	
17	115	293	
18	115	123	
18	115	165	
18	115	171	
18	115	186	
18	115	195	
18	115	223	
18	115	293	
40	115	123	
40	115	165	
40	115	186	
40	115	195	
40	115	293	
91	115	123	
91	115	165	
91	115	186	
91	115	195	
91	115	293	
20	116	176	
25	116	121	
64	116	121	
64	116	277	
64	116	291	
86	116	176	
86	116	277	
99	116	176	
21	117	121	
21	117	136	
21	117	163	
21	117	168	
21	117	173	
21	117	178	
21	117	182	
21	117	194	
21	117	303	
21	117	304	
25	117	121	
25	117	136	
25	117	163	
25	117	168	
25	117	173	
25	117	178	
25	117	303	
25	117	304	
47	117	121	
47	117	136	
47	117	163	
47	117	168	
47	117	173	
47	117	178	
47	117	182	
47	117	194	
47	117	303	
47	117	304	
74	117	121	
74	117	136	
74	117	168	
74	117	173	
74	117	178	
74	117	182	
74	117	194	
74	117	303	
74	117	304	
81	117	168	
81	117	178	
81	117	304	
85	117	121	
85	117	136	
85	117	163	
85	117	168	
85	117	173	
85	117	178	
85	117	182	
85	117	194	
85	117	303	
85	117	304	
93	117	121	
93	117	136	
93	117	163	
93	117	168	
93	117	173	
93	117	178	
93	117	182	
93	117	194	
93	117	303	
93	117	304	
110	117	121	
110	117	136	
110	117	163	
110	117	168	
110	117	173	
110	117	178	
110	117	182	
110	117	194	
110	117	303	
110	117	304	
2	118	123	
2	118	179	
2	118	205	
2	118	241	
2	118	246	
2	118	253	
2	118	257	
62	118	205	
62	118	284	
84	118	249	
98	118	123	
98	118	179	
98	118	205	
98	118	241	
98	118	246	
98	118	257	
63	119	140	
24	120	128	
24	120	156	
24	120	228	
24	120	236	
24	120	259	
24	120	285	
25	120	268	
25	120	285	
25	120	294	
34	120	185	
34	120	203	
34	120	210	
34	120	228	
34	120	231	
34	120	268	
34	120	287	
34	120	294	
50	120	128	
50	120	185	
50	120	203	
50	120	210	
50	120	259	
50	120	268	
50	120	282	
50	120	286	
55	120	128	
55	120	268	
55	120	294	
58	120	148	
58	120	185	
58	120	268	
58	120	285	
58	120	294	
63	120	128	
63	120	148	
63	120	181	
63	120	228	
63	120	259	
63	120	285	
68	120	185	
68	120	203	
68	120	210	
68	120	236	
68	120	268	
68	120	282	
75	120	286	
77	120	156	
77	120	181	
77	120	231	
77	120	236	
77	120	282	
77	120	287	
92	120	185	
92	120	203	
92	120	210	
92	120	236	
92	120	268	
92	120	282	
113	120	231	
113	120	259	
113	120	287	
113	120	294	
21	121	136	
21	121	163	
21	121	173	
21	121	178	
21	121	182	
21	121	194	
21	121	303	
21	121	304	
25	121	136	
25	121	163	
25	121	173	
25	121	178	
25	121	303	
25	121	304	
47	121	136	
47	121	163	
47	121	173	
47	121	178	
47	121	182	
47	121	194	
47	121	277	
47	121	303	
47	121	304	
64	121	277	
64	121	291	
74	121	136	
74	121	173	
74	121	178	
74	121	182	
74	121	194	
74	121	303	
74	121	304	
85	121	136	
85	121	163	
85	121	173	
85	121	178	
85	121	182	
85	121	194	
85	121	277	
85	121	303	
85	121	304	
93	121	136	
93	121	163	
93	121	173	
93	121	178	
93	121	182	
93	121	194	
93	121	303	
93	121	304	
110	121	136	
110	121	163	
110	121	173	
110	121	178	
110	121	182	
110	121	194	
110	121	303	
110	121	304	
116	121	175	
116	121	277	
116	121	291	
117	121	136	
117	121	163	
117	121	173	
117	121	178	
117	121	182	
117	121	194	
117	121	303	
117	121	304	
2	123	179	
2	123	205	
2	123	223	
2	123	241	
2	123	257	
11	123	171	
11	123	186	
11	123	195	
11	123	223	
11	123	293	
17	123	131	
17	123	135	
17	123	165	
17	123	171	
17	123	186	
17	123	195	
17	123	223	
17	123	239	
17	123	293	
17	123	297	
18	123	131	
18	123	135	
18	123	165	
18	123	171	
18	123	186	
18	123	195	
18	123	223	
18	123	239	
18	123	293	
18	123	297	
40	123	165	
40	123	186	
40	123	195	
40	123	293	
63	123	165	
63	123	205	
63	123	239	
63	123	257	
65	123	135	
65	123	239	
91	123	165	
91	123	186	
91	123	195	
91	123	293	
91	123	297	
94	123	135	
94	123	239	
98	123	179	
98	123	205	
98	123	241	
98	123	257	
115	123	165	
115	123	171	
115	123	186	
115	123	195	
115	123	223	
115	123	293	
118	123	179	
118	123	205	
118	123	241	
118	123	257	
2	124	166	
2	124	224	
21	124	163	
21	124	166	
21	124	224	
71	124	166	
71	124	224	
86	124	166	
86	124	224	
89	124	166	
6	125	136	
6	125	238	
6	125	258	
6	125	266	
29	125	212	
29	125	255	
29	125	266	
30	125	128	
30	125	212	
30	125	221	
30	125	255	
30	125	266	
30	125	300	
42	125	128	
42	125	132	
42	125	136	
42	125	142	
42	125	160	
42	125	212	
42	125	221	
42	125	238	
42	125	255	
42	125	258	
42	125	266	
42	125	300	
43	125	128	
43	125	212	
43	125	221	
43	125	266	
43	125	300	
57	125	136	
57	125	238	
57	125	258	
57	125	297	
67	125	212	
67	125	266	
67	125	297	
72	125	170	
72	125	297	
73	125	212	
73	125	221	
73	125	255	
73	125	266	
91	125	128	
91	125	221	
91	125	266	
91	125	297	
95	125	128	
95	125	160	
95	125	170	
95	125	212	
95	125	221	
95	125	266	
95	125	297	
96	125	128	
96	125	212	
96	125	266	
97	125	300	
101	125	136	
101	125	238	
101	125	255	
101	125	258	
102	125	132	
102	125	136	
102	125	142	
102	125	160	
102	125	238	
102	125	258	
28	126	178	
28	126	186	
28	126	204	
79	126	166	
79	126	178	
79	126	186	
79	126	204	
79	126	223	
88	126	166	
88	126	178	
88	126	186	
88	126	204	
88	126	223	
124	126	163	
124	126	166	
124	126	172	
21	128	182	
21	128	204	
21	128	288	
21	128	297	
24	128	228	
24	128	236	
24	128	259	
30	128	130	
30	128	174	
30	128	212	
30	128	228	
30	128	266	
42	128	212	
42	128	266	
43	128	174	
43	128	212	
43	128	266	
50	128	223	
50	128	259	
55	128	170	
55	128	174	
55	128	204	
55	128	223	
55	128	253	
63	128	228	
63	128	259	
91	128	228	
91	128	259	
91	128	266	
91	128	297	
95	128	170	
95	128	212	
95	128	266	
95	128	297	
96	128	212	
96	128	266	
118	128	170	
118	128	174	
118	128	253	
118	128	288	
120	128	228	
120	128	236	
120	128	259	
125	128	170	
125	128	212	
125	128	266	
125	128	297	
10	129	257	
10	129	296	
72	129	257	
72	129	296	
30	130	220	
30	130	221	
52	130	177	
52	130	221	
76	130	191	
128	130	204	
87	131	140	
87	131	280	
130	131	191	
31	132	142	
31	132	160	
40	132	136	
40	132	142	
40	132	160	
42	132	136	
42	132	142	
42	132	160	
102	132	136	
102	132	142	
102	132	160	
105	132	142	
105	132	160	
125	132	136	
125	132	142	
125	132	160	
74	133	154	
74	133	276	
89	133	154	
89	133	276	
98	133	276	
104	133	154	
104	133	276	
11	134	209	
11	134	234	
8	135	239	
8	135	297	
17	135	239	
17	135	297	
18	135	239	
18	135	297	
65	135	202	
65	135	239	
94	135	200	
94	135	239	
95	135	239	
95	135	297	
123	135	239	
123	135	297	
6	136	238	
6	136	258	
6	136	288	
21	136	173	
21	136	182	
21	136	194	
21	136	288	
21	136	303	
21	136	304	
25	136	173	
25	136	288	
25	136	303	
25	136	304	
38	136	159	
38	136	296	
40	136	142	
40	136	160	
42	136	142	
42	136	160	
42	136	238	
42	136	258	
47	136	173	
47	136	182	
47	136	194	
47	136	303	
47	136	304	
57	136	238	
57	136	258	
74	136	173	
74	136	182	
74	136	194	
74	136	303	
74	136	304	
85	136	173	
85	136	182	
85	136	194	
85	136	303	
85	136	304	
93	136	173	
93	136	182	
93	136	194	
93	136	303	
93	136	304	
101	136	238	
101	136	258	
102	136	142	
102	136	160	
102	136	238	
102	136	258	
110	136	173	
110	136	182	
110	136	194	
110	136	303	
110	136	304	
117	136	173	
117	136	182	
117	136	194	
117	136	303	
117	136	304	
121	136	173	
121	136	182	
121	136	194	
121	136	303	
121	136	304	
125	136	142	
125	136	160	
125	136	238	
125	136	258	
132	136	142	
132	136	160	
15	137	168	
15	137	178	
15	137	204	
15	137	233	
15	137	279	
15	137	293	
21	137	168	
21	137	178	
21	137	204	
21	137	233	
21	137	235	
21	137	276	
21	137	279	
21	137	288	
21	137	293	
21	137	298	
80	137	168	
80	137	178	
80	137	204	
80	137	233	
80	137	235	
80	137	253	
80	137	276	
80	137	279	
80	137	293	
80	137	298	
81	137	159	
81	137	168	
81	137	178	
81	137	204	
81	137	233	
81	137	279	
81	137	293	
81	137	298	
99	137	168	
99	137	176	
99	137	178	
99	137	204	
99	137	233	
99	137	235	
99	137	276	
99	137	279	
99	137	288	
99	137	293	
99	137	298	
111	137	168	
111	137	178	
111	137	204	
111	137	233	
111	137	235	
111	137	253	
111	137	276	
111	137	279	
111	137	293	
111	137	298	
46	138	175	
46	138	254	
63	138	175	
63	138	254	
100	138	175	
63	140	154	
63	140	165	
63	140	239	
63	140	280	
78	140	221	
78	140	241	
78	140	245	
87	140	182	
87	140	280	
90	140	165	
90	140	239	
131	140	280	
16	141	145	
16	141	148	
16	141	156	
16	141	202	
16	141	204	
16	141	208	
16	141	239	
16	141	258	
16	141	260	
16	141	292	
59	141	145	
59	141	202	
59	141	204	
59	141	208	
59	141	239	
59	141	258	
59	141	260	
59	141	292	
79	141	145	
79	141	148	
79	141	202	
79	141	204	
79	141	208	
79	141	239	
79	141	258	
79	141	260	
79	141	292	
130	141	204	
31	142	160	
40	142	160	
42	142	160	
102	142	160	
105	142	160	
125	142	160	
132	142	160	
136	142	160	
16	145	202	
16	145	204	
16	145	205	
16	145	208	
16	145	239	
16	145	258	
16	145	260	
16	145	278	
16	145	292	
23	145	180	
23	145	205	
23	145	243	
23	145	278	
25	145	204	
25	145	205	
25	145	243	
25	145	278	
59	145	202	
59	145	204	
59	145	205	
59	145	208	
59	145	239	
59	145	258	
59	145	260	
59	145	292	
62	145	202	
62	145	205	
62	145	243	
62	145	260	
62	145	282	
62	145	292	
79	145	202	
79	145	204	
79	145	208	
79	145	239	
79	145	258	
79	145	260	
79	145	292	
141	145	202	
141	145	204	
141	145	208	
141	145	239	
141	145	258	
141	145	260	
141	145	292	
126	146	171	
6	147	266	
8	147	158	
8	147	297	
33	147	158	
33	147	266	
33	147	297	
16	148	156	
16	148	202	
16	148	204	
16	148	205	
16	148	260	
16	148	285	
16	148	292	
38	148	159	
58	148	191	
58	148	285	
58	148	294	
63	148	181	
63	148	202	
63	148	205	
63	148	259	
63	148	260	
63	148	285	
63	148	292	
79	148	186	
79	148	202	
79	148	204	
79	148	260	
79	148	292	
95	148	294	
109	148	159	
109	148	191	
109	148	288	
114	148	159	
114	148	181	
114	148	191	
114	148	259	
114	148	294	
114	148	300	
120	148	156	
120	148	181	
120	148	259	
120	148	285	
120	148	294	
141	148	156	
141	148	202	
141	148	204	
141	148	260	
141	148	292	
15	149	224	
15	149	279	
21	149	173	
21	149	224	
21	149	235	
21	149	279	
71	149	224	
88	149	223	
148	149	161	
148	149	173	
148	149	235	
148	149	289	
19	150	165	
19	150	227	
112	150	165	
112	150	227	
50	152	165	
50	152	185	
50	152	203	
50	152	210	
50	152	268	
92	152	165	
92	152	185	
92	152	203	
92	152	210	
92	152	268	
16	153	154	
16	153	202	
16	153	260	
16	153	285	
16	153	292	
51	153	202	
51	153	285	
62	153	202	
62	153	260	
62	153	292	
63	153	154	
63	153	202	
63	153	260	
63	153	285	
63	153	292	
65	153	154	
65	153	202	
65	153	260	
65	153	285	
65	153	292	
16	154	202	
16	154	205	
16	154	260	
16	154	285	
16	154	292	
63	154	202	
63	154	205	
63	154	260	
63	154	285	
63	154	292	
65	154	202	
65	154	260	
65	154	285	
65	154	292	
140	154	256	
153	154	202	
153	154	260	
153	154	285	
153	154	292	
16	156	202	
16	156	239	
16	156	260	
16	156	285	
16	156	292	
24	156	202	
24	156	285	
48	156	211	
48	156	285	
48	156	300	
77	156	211	
77	156	300	
86	156	168	
86	156	211	
86	156	249	
86	156	285	
103	156	285	
120	156	285	
141	156	202	
141	156	239	
141	156	260	
141	156	292	
148	156	202	
148	156	260	
148	156	285	
148	156	292	
148	156	300	
4	158	161	
4	158	166	
4	158	180	
4	158	213	
4	158	223	
4	158	253	
4	158	273	
4	158	282	
5	158	253	
5	158	297	
8	158	253	
8	158	297	
21	158	166	
21	158	180	
21	158	182	
21	158	245	
21	158	273	
21	158	288	
21	158	297	
28	158	161	
28	158	180	
28	158	213	
28	158	245	
28	158	273	
28	158	282	
33	158	297	
35	158	161	
35	158	166	
35	158	180	
35	158	213	
35	158	282	
50	158	161	
50	158	172	
50	158	180	
50	158	213	
50	158	223	
50	158	282	
52	158	273	
52	158	297	
66	158	161	
66	158	172	
66	158	187	
66	158	207	
66	158	213	
66	158	253	
147	158	297	
148	158	161	
148	158	288	
26	159	176	
26	159	181	
26	159	186	
26	159	191	
26	159	288	
38	159	296	
76	159	180	
76	159	186	
76	159	191	
76	159	203	
76	159	273	
81	159	186	
81	159	191	
81	159	298	
109	159	191	
109	159	288	
109	159	296	
114	159	181	
114	159	191	
114	159	228	
114	159	296	
136	159	288	
136	159	296	
137	159	176	
137	159	288	
137	159	298	
148	159	181	
148	159	186	
148	159	191	
148	159	288	
154	159	167	
154	159	298	
95	160	281	
4	161	166	
4	161	180	
4	161	213	
4	161	223	
4	161	282	
23	161	180	
28	161	178	
28	161	180	
28	161	181	
28	161	213	
28	161	282	
35	161	166	
35	161	180	
35	161	213	
35	161	282	
50	161	172	
50	161	180	
50	161	197	
50	161	213	
50	161	223	
50	161	280	
50	161	282	
66	161	172	
66	161	207	
66	161	213	
76	161	180	
76	161	249	
76	161	271	
76	161	282	
86	161	166	
86	161	168	
86	161	178	
86	161	207	
86	161	249	
86	161	280	
148	161	173	
148	161	181	
148	161	235	
148	161	248	
148	161	289	
149	161	173	
149	161	223	
149	161	235	
149	161	289	
158	161	166	
158	161	172	
158	161	180	
158	161	207	
158	161	213	
158	161	223	
158	161	282	
49	162	219	
21	163	173	
21	163	178	
21	163	182	
21	163	303	
21	163	304	
25	163	173	
25	163	178	
25	163	193	
25	163	267	
25	163	303	
25	163	304	
47	163	173	
47	163	178	
47	163	182	
47	163	303	
47	163	304	
85	163	173	
85	163	178	
85	163	182	
85	163	303	
85	163	304	
93	163	173	
93	163	178	
93	163	182	
93	163	303	
93	163	304	
110	163	173	
110	163	178	
110	163	182	
110	163	303	
110	163	304	
117	163	173	
117	163	178	
117	163	182	
117	163	303	
117	163	304	
121	163	173	
121	163	178	
121	163	182	
121	163	303	
121	163	304	
124	163	172	
126	163	171	
126	163	172	
126	163	178	
17	165	171	
17	165	186	
17	165	195	
17	165	239	
17	165	293	
18	165	171	
18	165	186	
18	165	195	
18	165	239	
18	165	293	
19	165	227	
40	165	186	
40	165	195	
40	165	293	
50	165	185	
50	165	203	
50	165	210	
50	165	268	
63	165	239	
90	165	239	
91	165	186	
91	165	195	
91	165	293	
92	165	185	
92	165	203	
92	165	210	
92	165	268	
112	165	227	
115	165	171	
115	165	186	
115	165	195	
115	165	293	
123	165	171	
123	165	186	
123	165	195	
123	165	239	
123	165	293	
140	165	239	
150	165	227	
152	165	185	
152	165	203	
152	165	210	
152	165	268	
2	166	204	
2	166	223	
2	166	224	
2	166	246	
2	166	253	
4	166	180	
4	166	213	
4	166	223	
4	166	253	
4	166	282	
21	166	180	
21	166	204	
21	166	224	
35	166	180	
35	166	213	
35	166	282	
55	166	204	
55	166	223	
55	166	253	
71	166	224	
71	166	253	
79	166	186	
79	166	204	
79	166	223	
79	166	253	
86	166	207	
86	166	224	
86	166	253	
88	166	186	
88	166	204	
88	166	223	
98	166	246	
124	166	224	
126	166	186	
126	166	204	
126	166	223	
158	166	180	
158	166	207	
158	166	213	
158	166	223	
158	166	253	
158	166	282	
161	166	180	
161	166	207	
161	166	213	
161	166	223	
161	166	282	
154	167	298	
159	167	296	
159	167	298	
2	168	204	
2	168	223	
2	168	280	
5	168	249	
5	168	280	
5	168	297	
6	168	184	
6	168	223	
6	168	288	
10	168	169	
10	168	178	
10	168	207	
10	168	237	
10	168	249	
10	168	255	
10	168	293	
10	168	297	
12	168	169	
12	168	178	
12	168	207	
12	168	237	
12	168	249	
12	168	255	
12	168	279	
12	168	280	
12	168	293	
15	168	178	
15	168	204	
15	168	233	
15	168	279	
15	168	280	
15	168	293	
15	168	304	
21	168	178	
21	168	204	
21	168	233	
21	168	249	
21	168	279	
21	168	288	
21	168	293	
21	168	297	
21	168	298	
21	168	304	
25	168	178	
25	168	204	
25	168	249	
25	168	279	
25	168	288	
25	168	297	
25	168	304	
30	168	221	
30	168	249	
30	168	255	
37	168	249	
47	168	178	
47	168	297	
47	168	304	
57	168	207	
57	168	297	
67	168	207	
67	168	297	
74	168	178	
74	168	184	
74	168	223	
74	168	297	
74	168	304	
80	168	178	
80	168	204	
80	168	233	
80	168	279	
80	168	293	
80	168	298	
81	168	178	
81	168	204	
81	168	233	
81	168	279	
81	168	293	
81	168	298	
81	168	304	
85	168	178	
85	168	297	
85	168	304	
86	168	169	
86	168	178	
86	168	207	
86	168	221	
86	168	237	
86	168	249	
86	168	255	
86	168	280	
86	168	293	
86	168	297	
91	168	178	
91	168	221	
91	168	279	
91	168	280	
91	168	293	
91	168	297	
93	168	178	
93	168	304	
94	168	184	
99	168	178	
99	168	204	
99	168	233	
99	168	279	
99	168	288	
99	168	293	
99	168	298	
101	168	169	
101	168	178	
101	168	207	
101	168	237	
101	168	249	
101	168	255	
101	168	280	
101	168	293	
110	168	178	
110	168	304	
111	168	178	
111	168	204	
111	168	233	
111	168	279	
111	168	293	
111	168	298	
117	168	178	
117	168	304	
137	168	178	
137	168	204	
137	168	233	
137	168	279	
137	168	288	
137	168	293	
137	168	298	
156	168	249	
161	168	178	
161	168	207	
161	168	223	
161	168	249	
161	168	280	
10	169	178	
10	169	207	
10	169	237	
10	169	249	
10	169	255	
10	169	293	
12	169	178	
12	169	207	
12	169	237	
12	169	249	
12	169	255	
12	169	280	
12	169	293	
86	169	178	
86	169	207	
86	169	237	
86	169	249	
86	169	255	
86	169	280	
86	169	293	
101	169	178	
101	169	207	
101	169	237	
101	169	249	
101	169	255	
101	169	280	
101	169	293	
168	169	178	
168	169	207	
168	169	237	
168	169	249	
168	169	255	
168	169	280	
168	169	293	
10	170	257	
10	170	283	
25	170	268	
25	170	283	
25	170	288	
25	170	294	
38	170	268	
45	170	172	
45	170	206	
45	170	226	
55	170	174	
55	170	268	
55	170	294	
58	170	182	
58	170	268	
58	170	283	
58	170	294	
65	170	172	
65	170	206	
65	170	226	
72	170	172	
72	170	182	
72	170	206	
72	170	226	
72	170	257	
72	170	283	
94	170	294	
95	170	212	
95	170	268	
95	170	294	
118	170	174	
118	170	257	
118	170	288	
125	170	212	
128	170	174	
128	170	182	
128	170	212	
128	170	288	
143	170	182	
11	171	186	
11	171	195	
11	171	293	
17	171	186	
17	171	195	
17	171	293	
18	171	186	
18	171	195	
18	171	293	
26	171	186	
26	171	279	
115	171	186	
115	171	195	
115	171	293	
123	171	186	
123	171	195	
123	171	293	
126	171	186	
165	171	186	
165	171	195	
165	171	293	
45	172	206	
45	172	226	
45	172	244	
50	172	213	
50	172	244	
65	172	206	
65	172	226	
65	172	244	
65	172	253	
66	172	187	
66	172	207	
66	172	213	
66	172	253	
72	172	206	
72	172	226	
72	172	253	
158	172	187	
158	172	207	
158	172	213	
158	172	253	
161	172	207	
161	172	213	
170	172	206	
170	172	226	
21	173	178	
21	173	182	
21	173	194	
21	173	235	
21	173	303	
21	173	304	
25	173	178	
25	173	303	
25	173	304	
47	173	178	
47	173	182	
47	173	194	
47	173	303	
47	173	304	
74	173	178	
74	173	182	
74	173	194	
74	173	303	
74	173	304	
85	173	178	
85	173	182	
85	173	194	
85	173	303	
85	173	304	
93	173	178	
93	173	182	
93	173	194	
93	173	303	
93	173	304	
110	173	178	
110	173	182	
110	173	194	
110	173	303	
110	173	304	
117	173	178	
117	173	182	
117	173	194	
117	173	303	
117	173	304	
121	173	178	
121	173	182	
121	173	194	
121	173	303	
121	173	304	
136	173	182	
136	173	194	
136	173	303	
136	173	304	
148	173	235	
148	173	289	
149	173	235	
149	173	289	
161	173	178	
161	173	235	
161	173	289	
163	173	178	
163	173	182	
163	173	303	
163	173	304	
5	174	196	
5	174	253	
30	174	196	
30	174	221	
43	174	196	
43	174	221	
55	174	196	
55	174	253	
97	174	196	
118	174	221	
118	174	253	
118	174	288	
128	174	253	
128	174	288	
170	174	288	
1	175	275	
46	175	254	
46	175	275	
63	175	254	
63	175	271	
63	175	285	
67	175	285	
116	175	291	
121	175	291	
138	175	254	
162	175	219	
24	177	259	
34	177	211	
34	177	231	
44	177	231	
48	177	211	
48	177	300	
52	177	211	
52	177	300	
77	177	211	
77	177	231	
77	177	271	
77	177	300	
97	177	300	
113	177	231	
113	177	259	
113	177	300	
114	177	211	
114	177	231	
114	177	259	
114	177	300	
130	177	231	
10	178	207	
10	178	237	
10	178	249	
10	178	255	
10	178	293	
12	178	207	
12	178	237	
12	178	249	
12	178	255	
12	178	279	
12	178	280	
12	178	293	
15	178	182	
15	178	233	
15	178	279	
15	178	280	
15	178	293	
15	178	304	
21	178	182	
21	178	194	
21	178	233	
21	178	235	
21	178	249	
21	178	276	
21	178	279	
21	178	288	
21	178	293	
21	178	298	
21	178	303	
21	178	304	
25	178	222	
25	178	249	
25	178	253	
25	178	279	
25	178	288	
25	178	303	
25	178	304	
28	178	181	
28	178	186	
47	178	182	
47	178	194	
47	178	253	
47	178	303	
47	178	304	
74	178	182	
74	178	194	
74	178	223	
74	178	253	
74	178	276	
74	178	303	
74	178	304	
79	178	186	
79	178	223	
79	178	253	
80	178	233	
80	178	235	
80	178	253	
80	178	276	
80	178	279	
80	178	293	
80	178	298	
81	178	186	
81	178	233	
81	178	279	
81	178	293	
81	178	298	
81	178	304	
85	178	182	
85	178	194	
85	178	253	
85	178	303	
85	178	304	
86	178	207	
86	178	222	
86	178	237	
86	178	249	
86	178	253	
86	178	255	
86	178	280	
86	178	293	
88	178	186	
88	178	223	
91	178	186	
91	178	279	
91	178	280	
91	178	293	
93	178	182	
93	178	194	
93	178	303	
93	178	304	
99	178	233	
99	178	235	
99	178	276	
99	178	279	
99	178	288	
99	178	293	
99	178	298	
99	178	303	
101	178	207	
101	178	237	
101	178	249	
101	178	255	
101	178	280	
101	178	293	
110	178	182	
110	178	194	
110	178	303	
110	178	304	
111	178	233	
111	178	235	
111	178	253	
111	178	276	
111	178	279	
111	178	293	
111	178	298	
117	178	182	
117	178	194	
117	178	303	
117	178	304	
121	178	182	
121	178	194	
121	178	303	
121	178	304	
126	178	186	
126	178	223	
137	178	233	
137	178	235	
137	178	253	
137	178	276	
137	178	279	
137	178	288	
137	178	293	
137	178	298	
161	178	181	
161	178	207	
161	178	223	
161	178	235	
161	178	249	
161	178	280	
163	178	182	
163	178	303	
163	178	304	
168	178	207	
168	178	223	
168	178	233	
168	178	237	
168	178	249	
168	178	255	
168	178	279	
168	178	280	
168	178	288	
168	178	293	
168	178	298	
168	178	304	
169	178	207	
169	178	237	
169	178	249	
169	178	255	
169	178	280	
169	178	293	
173	178	182	
173	178	194	
173	178	235	
173	178	303	
173	178	304	
2	179	205	
2	179	241	
2	179	257	
98	179	205	
98	179	241	
98	179	257	
118	179	205	
118	179	241	
118	179	257	
123	179	205	
123	179	241	
123	179	257	
4	180	213	
4	180	223	
4	180	282	
21	180	197	
23	180	205	
28	180	213	
28	180	282	
35	180	213	
35	180	282	
50	180	197	
50	180	213	
50	180	223	
50	180	282	
76	180	191	
76	180	282	
145	180	205	
145	180	282	
158	180	213	
158	180	223	
158	180	282	
159	180	191	
159	180	228	
161	180	197	
161	180	213	
161	180	223	
161	180	248	
161	180	282	
166	180	213	
166	180	223	
166	180	282	
175	180	285	
175	180	291	
26	181	191	
26	181	288	
28	181	204	
32	181	199	
32	181	216	
32	181	271	
32	181	280	
63	181	222	
63	181	228	
63	181	271	
63	181	280	
77	181	191	
77	181	216	
77	181	271	
96	181	216	
96	181	271	
100	181	244	
114	181	191	
114	181	228	
114	181	296	
120	181	228	
148	181	191	
148	181	204	
148	181	288	
159	181	191	
159	181	222	
159	181	228	
159	181	288	
159	181	296	
161	181	197	
161	181	223	
161	181	271	
161	181	280	
178	181	222	
178	181	223	
178	181	280	
178	181	288	
15	182	243	
15	182	304	
21	182	194	
21	182	197	
21	182	203	
21	182	303	
21	182	304	
47	182	194	
47	182	303	
47	182	304	
58	182	285	
62	182	243	
72	182	194	
72	182	220	
72	182	285	
72	182	304	
74	182	194	
74	182	303	
74	182	304	
85	182	194	
85	182	303	
85	182	304	
93	182	194	
93	182	303	
93	182	304	
110	182	194	
110	182	303	
110	182	304	
117	182	194	
117	182	303	
117	182	304	
121	182	194	
121	182	303	
121	182	304	
136	182	194	
136	182	303	
136	182	304	
140	182	256	
163	182	303	
163	182	304	
173	182	194	
173	182	303	
173	182	304	
178	182	194	
178	182	255	
178	182	303	
178	182	304	
166	183	207	
166	183	253	
166	183	282	
178	183	207	
178	183	253	
6	184	223	
74	184	223	
168	184	223	
9	185	203	
9	185	210	
9	185	236	
9	185	264	
9	185	268	
9	185	282	
9	185	294	
23	185	261	
32	185	210	
32	185	268	
32	185	294	
34	185	203	
34	185	210	
34	185	211	
34	185	230	
34	185	268	
34	185	294	
48	185	203	
48	185	210	
48	185	211	
48	185	236	
48	185	264	
48	185	268	
48	185	282	
50	185	203	
50	185	210	
50	185	246	
50	185	268	
50	185	282	
58	185	268	
58	185	294	
58	185	297	
68	185	203	
68	185	210	
68	185	236	
68	185	264	
68	185	268	
68	185	282	
68	185	297	
76	185	203	
76	185	210	
76	185	236	
76	185	264	
76	185	268	
76	185	282	
76	185	294	
92	185	203	
92	185	206	
92	185	210	
92	185	211	
92	185	230	
92	185	236	
92	185	246	
92	185	261	
92	185	264	
92	185	268	
92	185	282	
92	185	297	
120	185	203	
120	185	210	
120	185	236	
120	185	268	
120	185	282	
120	185	294	
152	185	203	
152	185	210	
152	185	268	
165	185	203	
165	185	210	
165	185	268	
11	186	195	
11	186	223	
11	186	293	
17	186	195	
17	186	223	
17	186	293	
18	186	195	
18	186	223	
18	186	293	
26	186	191	
26	186	238	
26	186	288	
28	186	204	
28	186	273	
40	186	195	
40	186	293	
76	186	191	
76	186	203	
76	186	216	
76	186	271	
76	186	273	
79	186	204	
79	186	223	
81	186	191	
81	186	204	
81	186	293	
88	186	204	
88	186	223	
91	186	195	
91	186	271	
91	186	293	
103	186	238	
103	186	286	
115	186	195	
115	186	223	
115	186	293	
123	186	195	
123	186	223	
123	186	293	
126	186	204	
126	186	223	
148	186	191	
148	186	204	
148	186	288	
159	186	191	
159	186	203	
159	186	273	
159	186	288	
165	186	195	
165	186	203	
165	186	293	
166	186	204	
166	186	223	
171	186	195	
171	186	293	
178	186	223	
178	186	288	
178	186	293	
66	187	207	
66	187	213	
100	187	244	
155	187	296	
158	187	207	
158	187	213	
172	187	207	
172	187	213	
172	187	244	
9	188	264	
22	189	259	
148	189	259	
14	190	302	
14	190	303	
74	190	302	
74	190	303	
91	190	244	
99	190	302	
99	190	303	
104	190	302	
104	190	303	
26	191	213	
26	191	288	
39	191	296	
58	191	271	
76	191	203	
76	191	216	
76	191	271	
76	191	273	
77	191	216	
77	191	271	
109	191	271	
109	191	288	
109	191	296	
114	191	228	
114	191	259	
114	191	296	
148	191	259	
148	191	288	
159	191	203	
159	191	228	
159	191	273	
159	191	288	
159	191	296	
180	191	213	
180	191	228	
181	191	216	
181	191	228	
181	191	271	
181	191	288	
181	191	296	
186	191	203	
186	191	216	
186	191	271	
186	191	273	
186	191	288	
25	193	267	
72	193	194	
72	193	257	
72	193	267	
163	193	267	
21	194	303	
21	194	304	
47	194	303	
47	194	304	
72	194	257	
72	194	267	
72	194	304	
74	194	303	
74	194	304	
85	194	303	
85	194	304	
93	194	303	
93	194	304	
110	194	303	
110	194	304	
117	194	303	
117	194	304	
121	194	303	
121	194	304	
136	194	303	
136	194	304	
173	194	303	
173	194	304	
178	194	303	
178	194	304	
182	194	303	
182	194	304	
193	194	257	
193	194	267	
11	195	223	
11	195	293	
17	195	223	
17	195	293	
18	195	223	
18	195	293	
40	195	293	
91	195	293	
115	195	223	
115	195	293	
123	195	223	
123	195	293	
165	195	293	
171	195	293	
186	195	223	
186	195	293	
5	196	253	
55	196	253	
57	196	253	
67	196	253	
174	196	253	
11	197	242	
11	197	265	
21	197	304	
50	197	213	
113	197	242	
161	197	213	
180	197	213	
182	197	304	
32	199	216	
32	199	271	
32	199	304	
181	199	216	
181	199	271	
11	200	209	
50	200	209	
135	200	297	
16	202	204	
16	202	205	
16	202	208	
16	202	239	
16	202	258	
16	202	260	
16	202	285	
16	202	292	
24	202	285	
51	202	285	
59	202	204	
59	202	205	
59	202	208	
59	202	239	
59	202	258	
59	202	260	
59	202	292	
62	202	205	
62	202	260	
62	202	292	
63	202	205	
63	202	239	
63	202	260	
63	202	285	
63	202	292	
65	202	239	
65	202	260	
65	202	285	
65	202	292	
79	202	204	
79	202	208	
79	202	239	
79	202	258	
79	202	260	
79	202	292	
135	202	239	
141	202	204	
141	202	208	
141	202	239	
141	202	258	
141	202	260	
141	202	292	
145	202	204	
145	202	205	
145	202	208	
145	202	239	
145	202	258	
145	202	260	
145	202	292	
148	202	204	
148	202	205	
148	202	260	
148	202	285	
148	202	292	
153	202	260	
153	202	285	
153	202	292	
154	202	205	
154	202	260	
154	202	285	
154	202	292	
156	202	239	
156	202	260	
156	202	285	
156	202	292	
9	203	210	
9	203	236	
9	203	264	
9	203	268	
9	203	271	
9	203	282	
21	203	273	
21	203	297	
21	203	304	
34	203	210	
34	203	230	
34	203	268	
48	203	210	
48	203	236	
48	203	264	
48	203	268	
48	203	282	
50	203	210	
50	203	268	
50	203	282	
52	203	273	
52	203	297	
68	203	210	
68	203	236	
68	203	264	
68	203	268	
68	203	282	
68	203	297	
76	203	210	
76	203	216	
76	203	236	
76	203	264	
76	203	268	
76	203	271	
76	203	273	
76	203	282	
92	203	210	
92	203	230	
92	203	236	
92	203	264	
92	203	268	
92	203	282	
92	203	297	
120	203	210	
120	203	236	
120	203	268	
120	203	282	
152	203	210	
152	203	268	
159	203	273	
165	203	210	
165	203	268	
182	203	304	
185	203	210	
185	203	230	
185	203	236	
185	203	264	
185	203	268	
185	203	282	
185	203	297	
186	203	216	
186	203	271	
186	203	273	
191	203	216	
191	203	271	
191	203	273	
2	204	209	
2	204	223	
2	204	225	
2	204	244	
2	204	246	
2	204	253	
2	204	280	
15	204	209	
15	204	225	
15	204	233	
15	204	244	
15	204	279	
15	204	280	
15	204	293	
16	204	208	
16	204	239	
16	204	244	
16	204	258	
16	204	260	
16	204	292	
21	204	233	
21	204	235	
21	204	279	
21	204	288	
21	204	293	
21	204	298	
25	204	222	
25	204	246	
25	204	253	
25	204	279	
25	204	288	
25	204	294	
55	204	223	
55	204	253	
55	204	294	
59	204	208	
59	204	239	
59	204	258	
59	204	260	
59	204	292	
79	204	208	
79	204	223	
79	204	239	
79	204	253	
79	204	258	
79	204	260	
79	204	292	
80	204	233	
80	204	235	
80	204	253	
80	204	279	
80	204	293	
80	204	298	
81	204	233	
81	204	279	
81	204	293	
81	204	298	
88	204	223	
99	204	233	
99	204	235	
99	204	279	
99	204	288	
99	204	293	
99	204	298	
111	204	233	
111	204	235	
111	204	253	
111	204	279	
111	204	293	
111	204	298	
126	204	223	
128	204	223	
128	204	253	
128	204	288	
137	204	233	
137	204	235	
137	204	253	
137	204	279	
137	204	288	
137	204	293	
137	204	298	
141	204	208	
141	204	239	
141	204	258	
141	204	260	
141	204	292	
145	204	208	
145	204	239	
145	204	258	
145	204	260	
145	204	292	
148	204	235	
148	204	260	
148	204	288	
148	204	292	
148	204	294	
166	204	223	
166	204	246	
166	204	253	
168	204	223	
168	204	233	
168	204	279	
168	204	280	
168	204	288	
168	204	293	
168	204	298	
181	204	222	
181	204	223	
181	204	244	
181	204	280	
181	204	288	
186	204	223	
186	204	286	
186	204	288	
186	204	293	
202	204	208	
202	204	209	
202	204	239	
202	204	258	
202	204	260	
202	204	292	
2	205	241	
2	205	253	
2	205	257	
5	205	231	
5	205	253	
5	205	297	
15	205	243	
15	205	278	
16	205	260	
16	205	278	
23	205	243	
23	205	261	
23	205	278	
23	205	288	
25	205	243	
25	205	253	
25	205	278	
25	205	288	
25	205	297	
57	205	253	
57	205	297	
59	205	260	
62	205	243	
62	205	260	
63	205	257	
63	205	260	
67	205	253	
67	205	297	
98	205	241	
98	205	257	
118	205	241	
118	205	253	
118	205	257	
118	205	288	
123	205	241	
123	205	257	
123	205	297	
145	205	243	
145	205	260	
145	205	278	
148	205	260	
148	205	288	
154	205	260	
179	205	241	
179	205	257	
202	205	260	
45	206	226	
45	206	244	
65	206	226	
65	206	244	
72	206	226	
92	206	210	
170	206	226	
172	206	226	
172	206	244	
185	206	210	
10	207	237	
10	207	249	
10	207	255	
10	207	293	
12	207	237	
12	207	249	
12	207	255	
12	207	280	
12	207	293	
57	207	253	
66	207	213	
66	207	253	
67	207	253	
86	207	221	
86	207	237	
86	207	249	
86	207	253	
86	207	255	
86	207	280	
86	207	293	
101	207	237	
101	207	249	
101	207	255	
101	207	280	
101	207	293	
158	207	213	
158	207	253	
158	207	282	
161	207	213	
161	207	249	
161	207	280	
161	207	282	
166	207	213	
166	207	253	
166	207	282	
168	207	221	
168	207	237	
168	207	249	
168	207	255	
168	207	280	
168	207	293	
169	207	237	
169	207	249	
169	207	255	
169	207	280	
169	207	293	
172	207	213	
172	207	253	
178	207	237	
178	207	249	
178	207	253	
178	207	255	
178	207	280	
178	207	293	
183	207	253	
183	207	282	
187	207	213	
16	208	239	
16	208	258	
16	208	260	
16	208	292	
59	208	239	
59	208	258	
59	208	260	
59	208	292	
79	208	239	
79	208	258	
79	208	260	
79	208	292	
141	208	239	
141	208	258	
141	208	260	
141	208	292	
145	208	239	
145	208	258	
145	208	260	
145	208	292	
202	208	239	
202	208	258	
202	208	260	
202	208	292	
204	208	239	
204	208	258	
204	208	260	
204	208	292	
2	209	225	
2	209	244	
2	209	280	
11	209	234	
15	209	225	
15	209	244	
15	209	280	
50	209	225	
50	209	244	
50	209	280	
58	209	222	
91	209	225	
91	209	244	
91	209	266	
91	209	280	
134	209	234	
134	209	274	
202	209	239	
202	209	260	
204	209	222	
204	209	225	
204	209	239	
204	209	244	
204	209	260	
204	209	280	
9	210	236	
9	210	264	
9	210	268	
9	210	282	
32	210	268	
34	210	211	
34	210	230	
34	210	268	
48	210	211	
48	210	236	
48	210	264	
48	210	268	
48	210	282	
50	210	246	
50	210	268	
50	210	282	
68	210	236	
68	210	264	
68	210	268	
68	210	282	
68	210	297	
76	210	236	
76	210	264	
76	210	268	
76	210	282	
92	210	211	
92	210	230	
92	210	236	
92	210	246	
92	210	264	
92	210	268	
92	210	282	
92	210	297	
120	210	236	
120	210	268	
120	210	282	
134	210	234	
134	210	274	
152	210	268	
165	210	234	
165	210	268	
185	210	211	
185	210	230	
185	210	236	
185	210	246	
185	210	264	
185	210	268	
185	210	282	
185	210	297	
203	210	230	
203	210	236	
203	210	264	
203	210	268	
203	210	282	
203	210	297	
21	211	297	
34	211	230	
34	211	268	
34	211	287	
43	211	230	
43	211	300	
48	211	268	
48	211	285	
48	211	300	
52	211	285	
52	211	297	
52	211	300	
77	211	287	
77	211	300	
86	211	285	
86	211	297	
92	211	230	
92	211	268	
92	211	297	
114	211	230	
114	211	268	
114	211	287	
114	211	300	
156	211	285	
156	211	300	
177	211	300	
185	211	230	
185	211	268	
185	211	297	
205	211	286	
205	211	297	
210	211	230	
210	211	268	
210	211	297	
5	212	266	
29	212	255	
29	212	266	
30	212	221	
30	212	255	
30	212	266	
42	212	221	
42	212	255	
42	212	266	
43	212	221	
43	212	266	
67	212	266	
73	212	221	
73	212	255	
73	212	266	
95	212	221	
95	212	266	
96	212	266	
104	212	290	
125	212	221	
125	212	255	
125	212	266	
128	212	266	
4	213	223	
4	213	253	
4	213	282	
28	213	282	
35	213	282	
50	213	223	
50	213	282	
66	213	253	
158	213	223	
158	213	253	
158	213	282	
161	213	223	
161	213	282	
166	213	223	
166	213	253	
166	213	282	
172	213	253	
180	213	223	
180	213	282	
207	213	253	
207	213	282	
29	214	215	
29	214	250	
29	214	262	
29	214	271	
58	214	215	
58	214	250	
58	214	262	
58	214	271	
109	214	215	
109	214	250	
109	214	262	
109	214	271	
9	215	250	
9	215	262	
9	215	271	
9	215	294	
29	215	216	
29	215	250	
29	215	262	
29	215	271	
29	215	281	
29	215	294	
58	215	250	
58	215	262	
58	215	271	
58	215	294	
95	215	250	
95	215	262	
95	215	271	
95	215	281	
95	215	294	
109	215	250	
109	215	262	
109	215	271	
214	215	250	
214	215	262	
214	215	271	
29	216	262	
29	216	271	
29	216	294	
32	216	271	
32	216	294	
32	216	304	
76	216	271	
76	216	273	
76	216	294	
77	216	271	
77	216	301	
96	216	271	
96	216	304	
181	216	271	
186	216	271	
186	216	273	
191	216	271	
191	216	273	
199	216	271	
199	216	304	
203	216	271	
203	216	273	
203	216	304	
215	216	262	
215	216	271	
215	216	294	
3	218	253	
4	218	253	
41	218	251	
41	218	253	
41	218	277	
47	218	251	
47	218	253	
47	218	277	
54	218	251	
54	218	253	
54	218	277	
57	218	251	
57	218	253	
57	218	277	
67	218	251	
67	218	253	
67	218	277	
74	218	253	
85	218	251	
85	218	253	
85	218	277	
86	218	251	
86	218	253	
86	218	277	
106	218	251	
106	218	253	
106	218	277	
30	220	228	
72	220	285	
182	220	285	
30	221	255	
30	221	266	
42	221	255	
42	221	266	
43	221	266	
73	221	255	
73	221	266	
78	221	241	
86	221	251	
86	221	255	
91	221	266	
95	221	266	
118	221	241	
125	221	255	
125	221	266	
140	221	241	
168	221	255	
207	221	255	
212	221	255	
212	221	266	
5	222	253	
5	222	280	
25	222	253	
25	222	268	
25	222	279	
58	222	268	
58	222	279	
63	222	280	
72	222	253	
86	222	253	
86	222	280	
107	222	253	
107	222	280	
178	222	235	
178	222	253	
178	222	279	
178	222	280	
181	222	280	
204	222	235	
204	222	253	
204	222	279	
204	222	280	
209	222	280	
11	223	228	
128	223	228	
149	223	235	
149	223	289	
161	223	235	
161	223	289	
178	223	235	
180	223	228	
181	223	228	
204	223	235	
2	224	253	
25	224	253	
71	224	253	
72	224	253	
86	224	253	
107	224	253	
166	224	253	
2	225	244	
2	225	246	
2	225	280	
15	225	244	
15	225	280	
50	225	244	
50	225	246	
50	225	280	
91	225	244	
91	225	246	
91	225	280	
204	225	244	
204	225	246	
204	225	280	
209	225	244	
209	225	280	
45	226	244	
65	226	244	
172	226	244	
206	226	244	
30	228	287	
34	228	231	
34	228	287	
63	228	280	
91	228	280	
114	228	231	
114	228	287	
120	228	231	
120	228	287	
128	228	288	
159	228	288	
181	228	280	
181	228	288	
191	228	288	
12	229	270	
12	229	279	
25	229	270	
25	229	279	
26	229	270	
26	229	279	
58	229	270	
58	229	279	
98	229	270	
98	229	279	
99	229	270	
99	229	279	
34	230	268	
43	230	300	
92	230	268	
114	230	268	
114	230	300	
185	230	268	
203	230	268	
210	230	268	
211	230	268	
211	230	300	
5	231	294	
34	231	287	
34	231	294	
77	231	287	
77	231	300	
77	231	301	
113	231	287	
113	231	294	
113	231	300	
114	231	287	
114	231	294	
114	231	300	
120	231	287	
120	231	294	
177	231	300	
228	231	287	
16	232	244	
16	232	278	
49	232	244	
49	232	278	
91	232	244	
91	232	278	
187	232	244	
187	232	278	
15	233	279	
15	233	293	
21	233	235	
21	233	276	
21	233	279	
21	233	293	
21	233	298	
80	233	235	
80	233	253	
80	233	276	
80	233	279	
80	233	293	
80	233	298	
81	233	279	
81	233	293	
81	233	298	
99	233	235	
99	233	276	
99	233	279	
99	233	293	
99	233	298	
111	233	235	
111	233	253	
111	233	276	
111	233	279	
111	233	293	
111	233	298	
137	233	235	
137	233	253	
137	233	276	
137	233	279	
137	233	293	
137	233	298	
168	233	279	
168	233	293	
168	233	298	
178	233	235	
178	233	253	
178	233	276	
178	233	279	
178	233	293	
178	233	298	
204	233	235	
204	233	253	
204	233	279	
204	233	293	
204	233	298	
134	234	274	
209	234	274	
210	234	274	
21	235	279	
21	235	293	
21	235	298	
80	235	279	
80	235	293	
80	235	298	
82	235	296	
99	235	279	
99	235	293	
99	235	298	
111	235	279	
111	235	293	
111	235	298	
137	235	279	
137	235	293	
137	235	298	
148	235	289	
149	235	279	
149	235	289	
161	235	289	
173	235	289	
178	235	279	
178	235	293	
178	235	298	
204	235	279	
204	235	293	
204	235	298	
222	235	279	
223	235	289	
233	235	279	
233	235	293	
233	235	298	
9	236	264	
9	236	268	
9	236	282	
48	236	264	
48	236	268	
48	236	282	
68	236	264	
68	236	268	
68	236	282	
76	236	264	
76	236	268	
76	236	282	
77	236	282	
92	236	264	
92	236	268	
92	236	282	
120	236	268	
120	236	282	
120	236	286	
185	236	264	
185	236	268	
185	236	282	
203	236	264	
203	236	268	
203	236	282	
210	236	264	
210	236	268	
210	236	282	
10	237	249	
10	237	255	
10	237	293	
12	237	249	
12	237	255	
12	237	280	
12	237	293	
86	237	249	
86	237	255	
86	237	280	
86	237	293	
101	237	249	
101	237	255	
101	237	280	
101	237	293	
168	237	249	
168	237	255	
168	237	280	
168	237	293	
169	237	249	
169	237	255	
169	237	280	
169	237	293	
178	237	249	
178	237	255	
178	237	280	
178	237	293	
207	237	249	
207	237	255	
207	237	280	
207	237	293	
6	238	258	
42	238	258	
57	238	258	
101	238	258	
102	238	258	
103	238	286	
105	238	258	
125	238	258	
136	238	258	
186	238	286	
8	239	297	
16	239	258	
16	239	260	
16	239	292	
17	239	297	
18	239	297	
59	239	258	
59	239	260	
59	239	292	
63	239	260	
63	239	292	
65	239	260	
65	239	292	
79	239	258	
79	239	260	
79	239	292	
95	239	297	
123	239	297	
135	239	297	
141	239	258	
141	239	260	
141	239	292	
145	239	258	
145	239	260	
145	239	292	
156	239	260	
156	239	292	
202	239	258	
202	239	260	
202	239	292	
204	239	258	
204	239	260	
204	239	292	
208	239	258	
208	239	260	
208	239	292	
209	239	260	
176	240	263	
2	241	257	
78	241	245	
98	241	257	
118	241	257	
123	241	257	
140	241	245	
179	241	257	
205	241	257	
5	242	297	
8	242	297	
11	242	265	
197	242	265	
211	242	297	
15	243	278	
23	243	278	
23	243	288	
25	243	278	
25	243	288	
145	243	278	
205	243	278	
205	243	288	
2	244	246	
2	244	280	
15	244	278	
15	244	280	
16	244	278	
49	244	278	
50	244	246	
50	244	259	
50	244	280	
91	244	246	
91	244	259	
91	244	271	
91	244	278	
91	244	280	
167	244	298	
181	244	271	
181	244	280	
187	244	278	
204	244	246	
204	244	280	
204	244	298	
209	244	280	
225	244	246	
225	244	280	
232	244	278	
2	246	257	
2	246	280	
25	246	268	
50	246	268	
50	246	280	
91	246	280	
92	246	268	
92	246	284	
98	246	257	
118	246	257	
118	246	284	
185	246	268	
204	246	280	
204	246	298	
210	246	268	
225	246	280	
244	246	280	
244	246	298	
9	248	294	
113	248	294	
148	248	294	
5	249	280	
8	249	281	
10	249	255	
10	249	293	
12	249	255	
12	249	279	
12	249	280	
12	249	293	
21	249	279	
21	249	293	
25	249	279	
30	249	255	
86	249	255	
86	249	280	
86	249	293	
97	249	280	
101	249	255	
101	249	280	
101	249	293	
161	249	280	
168	249	255	
168	249	279	
168	249	280	
168	249	293	
169	249	255	
169	249	280	
169	249	293	
178	249	255	
178	249	279	
178	249	280	
178	249	293	
207	249	255	
207	249	280	
207	249	293	
237	249	255	
237	249	280	
237	249	293	
9	250	262	
9	250	271	
9	250	294	
29	250	262	
29	250	271	
29	250	294	
58	250	262	
58	250	271	
58	250	294	
63	250	271	
95	250	262	
95	250	271	
95	250	294	
109	250	262	
109	250	271	
113	250	294	
214	250	262	
214	250	271	
215	250	262	
215	250	271	
215	250	294	
41	251	253	
47	251	253	
54	251	253	
57	251	253	
67	251	253	
85	251	253	
86	251	253	
106	251	253	
218	251	253	
2	253	257	
4	253	282	
5	253	297	
8	253	272	
8	253	297	
25	253	279	
25	253	288	
25	253	297	
41	253	297	
47	253	297	
54	253	297	
55	253	301	
57	253	297	
67	253	297	
67	253	301	
72	253	257	
72	253	297	
74	253	297	
74	253	301	
80	253	279	
80	253	293	
80	253	298	
85	253	297	
86	253	293	
86	253	297	
107	253	257	
111	253	279	
111	253	293	
111	253	298	
118	253	257	
118	253	288	
128	253	288	
128	253	297	
137	253	279	
137	253	288	
137	253	293	
137	253	298	
158	253	282	
158	253	288	
158	253	297	
166	253	282	
174	253	288	
178	253	279	
178	253	288	
178	253	293	
178	253	298	
183	253	282	
204	253	279	
204	253	288	
204	253	293	
204	253	298	
205	253	257	
205	253	288	
205	253	297	
207	253	282	
207	253	293	
213	253	282	
222	253	279	
233	253	279	
233	253	293	
233	253	298	
10	255	293	
12	255	280	
12	255	293	
29	255	266	
30	255	266	
42	255	266	
73	255	266	
86	255	280	
86	255	293	
101	255	280	
101	255	293	
125	255	266	
168	255	280	
168	255	293	
169	255	280	
169	255	293	
178	255	280	
178	255	293	
182	255	256	
182	255	269	
182	255	295	
207	255	280	
207	255	293	
212	255	266	
221	255	266	
237	255	280	
237	255	293	
249	255	280	
249	255	293	
182	256	269	
182	256	295	
255	256	269	
255	256	295	
63	257	285	
72	257	267	
72	257	285	
170	257	272	
170	257	277	
193	257	267	
194	257	267	
246	257	298	
253	257	272	
253	257	298	
16	258	260	
16	258	292	
59	258	260	
59	258	292	
79	258	260	
79	258	292	
141	258	260	
141	258	292	
145	258	260	
145	258	292	
202	258	260	
202	258	292	
204	258	260	
204	258	292	
208	258	260	
208	258	292	
239	258	260	
239	258	292	
24	259	276	
50	259	280	
63	259	280	
91	259	280	
113	259	276	
244	259	280	
16	260	285	
16	260	292	
59	260	292	
62	260	292	
63	260	285	
63	260	292	
65	260	285	
65	260	292	
79	260	292	
141	260	292	
145	260	292	
148	260	285	
148	260	292	
153	260	285	
153	260	292	
154	260	285	
154	260	292	
156	260	285	
156	260	292	
202	260	285	
202	260	292	
204	260	292	
208	260	292	
239	260	292	
258	260	292	
23	261	262	
176	261	269	
9	262	271	
29	262	271	
29	262	281	
58	262	271	
95	262	271	
95	262	281	
109	262	271	
214	262	271	
215	262	271	
215	262	281	
216	262	271	
250	262	271	
9	264	268	
9	264	282	
48	264	268	
48	264	282	
68	264	268	
68	264	282	
76	264	268	
76	264	282	
92	264	268	
92	264	282	
185	264	268	
185	264	282	
203	264	268	
203	264	282	
210	264	268	
210	264	282	
236	264	268	
236	264	282	
9	268	282	
9	268	294	
25	268	283	
25	268	294	
25	268	297	
32	268	294	
34	268	294	
48	268	282	
50	268	282	
55	268	294	
58	268	283	
58	268	294	
58	268	297	
68	268	282	
68	268	283	
68	268	297	
76	268	282	
76	268	294	
92	268	282	
92	268	297	
95	268	294	
95	268	297	
114	268	294	
120	268	282	
120	268	294	
170	268	283	
170	268	294	
185	268	282	
185	268	294	
185	268	297	
203	268	282	
203	268	297	
210	268	282	
210	268	297	
211	268	297	
236	268	282	
264	268	282	
182	269	295	
255	269	295	
256	269	295	
12	270	279	
25	270	279	
26	270	279	
58	270	279	
98	270	279	
99	270	279	
229	270	279	
9	271	294	
29	271	281	
29	271	294	
32	271	294	
32	271	304	
58	271	294	
76	271	273	
76	271	294	
95	271	281	
95	271	294	
96	271	304	
186	271	273	
191	271	273	
199	271	304	
203	271	273	
203	271	304	
215	271	281	
215	271	294	
216	271	273	
216	271	294	
216	271	304	
250	271	294	
262	271	281	
8	272	277	
170	272	277	
257	272	277	
52	273	294	
76	273	294	
216	273	294	
271	273	294	
6	276	288	
21	276	279	
21	276	288	
21	276	293	
21	276	298	
80	276	279	
80	276	293	
80	276	298	
98	276	279	
99	276	279	
99	276	288	
99	276	293	
99	276	298	
111	276	279	
111	276	293	
111	276	298	
137	276	279	
137	276	288	
137	276	293	
137	276	298	
178	276	279	
178	276	288	
178	276	293	
178	276	298	
233	276	279	
233	276	293	
233	276	298	
64	277	291	
116	277	291	
121	277	291	
23	278	288	
25	278	288	
205	278	288	
243	278	288	
12	279	293	
15	279	293	
21	279	288	
21	279	293	
21	279	298	
25	279	288	
26	279	288	
80	279	293	
80	279	298	
81	279	293	
81	279	298	
91	279	293	
99	279	288	
99	279	293	
99	279	298	
111	279	293	
111	279	298	
137	279	288	
137	279	293	
137	279	298	
168	279	288	
168	279	293	
168	279	298	
171	279	293	
178	279	288	
178	279	293	
178	279	298	
204	279	288	
204	279	293	
204	279	298	
233	279	293	
233	279	298	
235	279	293	
235	279	298	
249	279	293	
253	279	288	
253	279	293	
253	279	298	
276	279	288	
276	279	293	
276	279	298	
12	280	293	
15	280	293	
86	280	293	
91	280	293	
101	280	293	
104	280	301	
161	280	301	
168	280	293	
169	280	293	
178	280	293	
204	280	293	
207	280	293	
237	280	293	
249	280	293	
255	280	293	
68	282	297	
92	282	297	
158	282	297	
185	282	297	
203	282	297	
210	282	297	
253	282	297	
268	282	297	
10	283	297	
25	283	297	
58	283	297	
61	283	297	
68	283	297	
72	283	297	
268	283	297	
5	285	297	
16	285	292	
25	285	297	
52	285	297	
58	285	297	
63	285	292	
65	285	292	
67	285	297	
72	285	297	
86	285	297	
96	285	286	
103	285	286	
120	285	286	
148	285	292	
153	285	292	
154	285	292	
156	285	292	
202	285	292	
211	285	286	
211	285	297	
260	285	292	
120	286	287	
211	286	287	
21	288	298	
99	288	298	
109	288	296	
136	288	296	
137	288	298	
159	288	296	
159	288	298	
168	288	298	
178	288	298	
181	288	296	
191	288	296	
204	288	298	
253	288	298	
276	288	298	
279	288	298	
21	293	298	
80	293	298	
81	293	298	
99	293	298	
111	293	298	
137	293	298	
168	293	298	
178	293	298	
204	293	298	
233	293	298	
235	293	298	
253	293	298	
276	293	298	
279	293	298	
159	296	298	
167	296	298	
235	296	298	
288	296	298	
14	297	302	
14	297	303	
21	297	303	
21	297	304	
25	297	303	
25	297	304	
47	297	303	
47	297	304	
52	297	301	
67	297	301	
72	297	304	
74	297	301	
74	297	302	
74	297	303	
74	297	304	
85	297	303	
85	297	304	
104	297	301	
104	297	302	
104	297	303	
168	297	304	
203	297	304	
253	297	301	
13	302	303	
14	302	303	
49	302	303	
74	302	303	
99	302	303	
104	302	303	
107	302	303	
190	302	303	
297	302	303	
21	303	304	
25	303	304	
47	303	304	
74	303	304	
85	303	304	
93	303	304	
110	303	304	
117	303	304	
121	303	304	
136	303	304	
163	303	304	
173	303	304	
178	303	304	
182	303	304	
194	303	304	
297	303	304	

